   0.00000000    
   0.00000000    
   0.00000000    
   0.00000000    
   0.00000000    
   0.00000000    
   0.00000000    
   0.00000000    
   0.00000000    
   0.00000000    
   0.00000000    
   0.00000000    
   1.06891152E-02
   0.00000000    
   6.28478229E-02
  0.117466003    
   0.00000000    
  0.198331699    
  0.234337196    
  0.294065475    
  0.318448603    
  0.346529484    
  0.369378597    
  0.355992436    
  0.352569461    
  0.398689210    
  0.328385800    
  0.348998636    
  0.341358364    
  0.272601128    
  0.205528498    
  0.205528498    
   0.00000000    
   0.00000000    
   0.00000000    
   0.00000000    
   0.00000000    
   0.00000000    
   0.00000000    
   0.00000000    
   0.00000000    
   0.00000000    
   0.00000000    
   0.00000000    
   0.00000000    
   0.00000000    
   0.00000000    
   0.00000000    
   0.00000000    
   0.00000000    
   0.00000000    
   0.00000000    
   0.00000000    
   0.00000000    
   0.00000000    
   0.00000000    
   0.00000000    
   0.00000000    
   0.00000000    
   1.06891152E-02
  0.125350565    
  0.209020823    
  0.234673977    
  0.299887836    
  0.289974511    
  0.335152477    
  0.344073951    
  0.358460724    
  0.384113729    
  0.384003937    
  0.417750657    
  0.371258497    
  0.380065829    
  0.371258497    
  0.390270621    
  0.408134162    
  0.400666445    
  0.413323313    
  0.423313290    
  0.376654565    
  0.347773284    
  0.370323896    
  0.312993139    
  0.278511554    
  0.318448603    
   5.73307127E-02
   5.73307127E-02
   0.00000000    
   0.00000000    
   0.00000000    
   0.00000000    
   0.00000000    
   0.00000000    
   0.00000000    
   0.00000000    
   0.00000000    
   0.00000000    
   0.00000000    
   0.00000000    
   0.00000000    
   0.00000000    
   0.00000000    
   0.00000000    
   0.00000000    
   0.00000000    
   0.00000000    
   0.00000000    
   0.00000000    
   0.00000000    
  0.101556160    
  0.304754585    
  0.460433155    
  0.431503296    
  0.488166451    
  0.463714182    
  0.496347874    
  0.489304245    
  0.485277951    
  0.463692725    
  0.462361127    
  0.423824281    
  0.419450194    
  0.413149774    
  0.391106784    
  0.412198007    
  0.409900308    
  0.396663547    
  0.366476178    
  0.404484570    
  0.401958853    
  0.418206066    
  0.400666445    
  0.408727080    
  0.374894708    
  0.359279394    
  0.303015918    
  0.298661709    
  0.160947695    
   0.00000000    
   0.00000000    
   0.00000000    
   0.00000000    
   0.00000000    
   0.00000000    
   0.00000000    
   0.00000000    
   0.00000000    
   0.00000000    
   0.00000000    
   0.00000000    
   0.00000000    
   0.00000000    
   0.00000000    
   0.00000000    
   0.00000000    
   0.00000000    
   0.00000000    
   0.00000000    
   0.00000000    
   1.06891152E-02
  0.326482356    
  0.498516113    
  0.470065832    
  0.519516885    
  0.512135863    
  0.539975882    
  0.561123133    
  0.547697425    
  0.572757840    
  0.552969396    
  0.521369219    
  0.478236496    
  0.459753394    
  0.446692884    
  0.438909858    
  0.418351263    
  0.395977139    
  0.382535011    
  0.405719101    
  0.445734411    
  0.429971784    
  0.398019463    
  0.413880318    
  0.407536983    
  0.331449509    
  0.379226118    
  0.398019463    
  0.329931855    
  0.262859195    
   9.08670500E-02
   0.00000000    
   0.00000000    
   0.00000000    
   0.00000000    
   0.00000000    
   0.00000000    
   0.00000000    
   0.00000000    
   0.00000000    
   0.00000000    
   0.00000000    
   0.00000000    
   0.00000000    
   0.00000000    
   0.00000000    
   0.00000000    
   0.00000000    
   0.00000000    
   0.00000000    
  0.160947695    
  0.331190079    
  0.403817236    
  0.415679365    
  0.389529318    
  0.432593107    
  0.450676352    
  0.495737910    
  0.501634538    
  0.522509456    
  0.568721652    
  0.587973416    
  0.601603091    
  0.590495646    
  0.540262640    
  0.485358268    
  0.444831312    
  0.441732287    
  0.442372113    
  0.449787885    
  0.458646059    
  0.428123474    
  0.449065506    
  0.428123474    
  0.384932607    
  0.353726238    
  0.421813965    
  0.397344261    
  0.314851910    
  0.325204253    
  0.286653608    
  0.133117810    
   0.00000000    
   0.00000000    
   0.00000000    
   0.00000000    
   0.00000000    
   0.00000000    
   0.00000000    
   0.00000000    
   0.00000000    
   0.00000000    
   0.00000000    
   0.00000000    
   0.00000000    
   0.00000000    
   0.00000000    
   0.00000000    
   5.73307127E-02
  0.251814723    
  0.371258497    
  0.423313290    
  0.402597547    
  0.412432134    
  0.420939833    
  0.437813431    
  0.429576933    
  0.431563735    
  0.448248595    
  0.445513040    
  0.475710213    
  0.515289783    
  0.547902048    
  0.599988937    
  0.628195941    
  0.604909003    
  0.568747878    
  0.495438367    
  0.471878678    
  0.480456144    
  0.449837476    
  0.457671076    
  0.456684440    
  0.471211195    
  0.436133981    
  0.413880318    
  0.439051032    
  0.413880318    
  0.337256163    
  0.382535011    
  0.357102662    
  0.300867468    
  0.160947695    
   5.73307127E-02
   0.00000000    
   0.00000000    
   0.00000000    
   0.00000000    
   0.00000000    
   0.00000000    
   0.00000000    
   0.00000000    
   0.00000000    
   0.00000000    
   0.00000000    
   0.00000000    
   0.00000000    
   9.08670500E-02
  0.171992183    
  0.320189953    
  0.414433599    
  0.395284951    
  0.381720096    
  0.417677552    
  0.429971784    
  0.427183539    
  0.405104160    
  0.437454402    
  0.444593579    
  0.475309551    
  0.454862028    
  0.499723345    
  0.476080418    
  0.522632301    
  0.569158971    
  0.629734874    
  0.645467341    
  0.609484375    
  0.546596587    
  0.504056156    
  0.463817626    
  0.467020065    
  0.464567661    
  0.464567661    
  0.471211195    
  0.444593579    
  0.400666445    
  0.420286953    
  0.438640565    
  0.432225674    
  0.399353564    
  0.325204253    
  0.262859195    
  0.296395510    
   5.73307127E-02
   0.00000000    
   0.00000000    
   0.00000000    
   0.00000000    
   0.00000000    
   0.00000000    
   0.00000000    
   0.00000000    
   0.00000000    
   0.00000000    
   0.00000000    
   0.00000000    
  0.160947695    
  0.377520680    
  0.371258497    
  0.399353564    
  0.389528811    
  0.405104160    
  0.418206066    
  0.445734411    
  0.456684440    
  0.423807114    
  0.447601557    
  0.476323396    
  0.460562199    
  0.472039700    
  0.468674719    
  0.488755256    
  0.492405087    
  0.499899685    
  0.541572571    
  0.608418107    
  0.655240476    
  0.651974559    
  0.584512174    
  0.519419670    
  0.497420192    
  0.519477963    
  0.472039700    
  0.473941147    
  0.475008428    
  0.449787885    
  0.406329483    
  0.429513574    
  0.430880725    
  0.417145640    
  0.400012642    
  0.388780296    
  0.374000520    
  0.247779265    
   0.00000000    
   0.00000000    
   0.00000000    
   0.00000000    
   0.00000000    
   0.00000000    
   0.00000000    
   0.00000000    
   0.00000000    
   0.00000000    
   0.00000000    
  0.171992183    
  0.305109978    
  0.372182608    
  0.427654833    
  0.382535011    
  0.415529072    
  0.397344261    
  0.435708702    
  0.486614347    
  0.451917917    
  0.477874249    
  0.495351821    
  0.497399211    
  0.502876163    
  0.488662273    
  0.487985253    
  0.497399211    
  0.516620517    
  0.498857677    
  0.519723356    
  0.527922809    
  0.594744265    
  0.672647595    
  0.664034545    
  0.586487830    
  0.533731043    
  0.504690111    
  0.474742889    
  0.469245106    
  0.470933139    
  0.452615887    
  0.433985531    
  0.417677552    
  0.376654565    
  0.394586980    
  0.387262642    
  0.396663547    
  0.418731213    
  0.337256163    
   9.08670500E-02
   0.00000000    
   0.00000000    
   0.00000000    
   0.00000000    
   0.00000000    
   0.00000000    
   0.00000000    
   0.00000000    
   0.00000000    
  0.190448537    
  0.352569461    
  0.408727080    
  0.392456949    
  0.411629558    
  0.439459503    
  0.401315153    
  0.444593579    
  0.467811614    
  0.459609717    
  0.471211195    
  0.466352850    
  0.517576754    
  0.506396294    
  0.511325240    
  0.527142465    
  0.525431097    
  0.539690495    
  0.522646904    
  0.519611359    
  0.528004289    
  0.517795086    
  0.541527152    
  0.589319408    
  0.681979954    
  0.683665752    
  0.595484734    
  0.521493435    
  0.491023183    
  0.485719740    
  0.480396122    
  0.467521936    
  0.454675168    
  0.438228041    
  0.442656428    
  0.429052800    
  0.403231353    
  0.396663547    
  0.429513574    
  0.389528811    
  0.350206107    
  0.160947695    
   0.00000000    
   0.00000000    
   0.00000000    
   0.00000000    
   0.00000000    
   0.00000000    
   0.00000000    
  0.114661448    
  0.316669792    
  0.347773284    
  0.407536983    
  0.411629558    
  0.421813965    
  0.403231353    
  0.423313290    
  0.458968520    
  0.466646671    
  0.470654219    
  0.470374286    
  0.478892267    
  0.511666298    
  0.507118702    
  0.527424216    
  0.514674306    
  0.525718808    
  0.531271994    
  0.546887279    
  0.544060290    
  0.553404689    
  0.564832270    
  0.548063397    
  0.567599952    
  0.619834661    
  0.696599662    
  0.693626821    
  0.590809286    
  0.526605725    
  0.489387691    
  0.488211572    
  0.476843596    
  0.457014650    
  0.457343519    
  0.446859747    
  0.433549047    
  0.439459503    
  0.431331486    
  0.443047523    
  0.416071504    
  0.383341968    
  0.318448603    
  0.114661448    
   0.00000000    
   0.00000000    
   0.00000000    
   0.00000000    
   0.00000000    
  0.114661448    
  0.289198756    
  0.391005844    
  0.395284951    
  0.376654565    
  0.404484570    
  0.444209754    
  0.450859755    
  0.437396795    
  0.470933139    
  0.500961483    
  0.498802871    
  0.511666298    
  0.518990636    
  0.528957248    
  0.538345575    
  0.510293484    
  0.533392847    
  0.552058160    
  0.537726939    
  0.560678184    
  0.555934131    
  0.558966935    
  0.574827194    
  0.559363484    
  0.560320616    
  0.581163168    
  0.630025506    
  0.715286791    
  0.681089580    
  0.569398403    
  0.512658238    
  0.518700123    
  0.501924396    
  0.501154959    
  0.486844391    
  0.456352949    
  0.453308016    
  0.443047523    
  0.425271034    
  0.422316790    
  0.416071504    
  0.382535011    
  0.335842282    
  0.275609106    
   0.00000000    
   0.00000000    
   0.00000000    
   0.00000000    
   0.00000000    
  0.190448537    
  0.337256163    
  0.414433599    
  0.408134162    
  0.424297959    
  0.430880725    
  0.463660389    
  0.440270364    
  0.458322346    
  0.475799888    
  0.489778548    
  0.504004061    
  0.502686679    
  0.529918253    
  0.533654213    
  0.549942732    
  0.551639318    
  0.573709488    
  0.563271761    
  0.567968786    
  0.559731841    
  0.588197470    
  0.587588072    
  0.577249646    
  0.564628363    
  0.577323973    
  0.580496490    
  0.579864144    
  0.677929699    
  0.735805869    
  0.645054162    
  0.554412484    
  0.520917833    
  0.523683667    
  0.505300820    
  0.477360517    
  0.481628805    
  0.459928423    
  0.451566696    
  0.452267617    
  0.446859747    
  0.414983153    
  0.395284951    
  0.360346645    
  0.329931855    
  0.171992183    
   0.00000000    
   0.00000000    
   0.00000000    
   5.73307127E-02
  0.296395510    
  0.368422389    
  0.376654565    
  0.424785942    
  0.453308016    
  0.433985531    
  0.448336780    
  0.441472024    
  0.472314000    
  0.505484402    
  0.503065228    
  0.501732707    
  0.528263986    
  0.535332978    
  0.532471597    
  0.569842756    
  0.579976499    
  0.592149258    
  0.584471822    
  0.578926682    
  0.584330559    
  0.595797837    
  0.600463808    
  0.589402974    
  0.594370186    
  0.590731144    
  0.590176523    
  0.583211720    
  0.627708972    
  0.724590182    
  0.726742685    
  0.612565815    
  0.543102860    
  0.517461956    
  0.513184011    
  0.482843399    
  0.506938696    
  0.496381879    
  0.460245967    
  0.460245967    
  0.455013454    
  0.435281307    
  0.365485609    
  0.388780296    
  0.387262642    
  0.266235620    
   0.00000000    
   0.00000000    
   0.00000000    
   5.73307127E-02
  0.342681795    
  0.402597547    
  0.408727080    
  0.418206066    
  0.429052800    
  0.435281307    
  0.445355862    
  0.472314000    
  0.495971411    
  0.515165150    
  0.517418146    
  0.531540036    
  0.528680623    
  0.545993090    
  0.557611048    
  0.580718279    
  0.595242143    
  0.610322297    
  0.604382873    
  0.593425691    
  0.601676285    
  0.616393209    
  0.615670383    
  0.610631526    
  0.603658497    
  0.601790845    
  0.601577401    
  0.590455472    
  0.599044204    
  0.682592750    
  0.760143101    
  0.671921909    
  0.574259639    
  0.535341859    
  0.512681186    
  0.513849676    
  0.510982752    
  0.483802378    
  0.470374286    
  0.513016701    
  0.460562199    
  0.441472024    
  0.375779301    
  0.399353564    
  0.392456949    
  0.370323896    
   9.08670500E-02
   0.00000000    
   0.00000000    
  0.218278408    
  0.385716587    
  0.400666445    
  0.389528811    
  0.391005844    
  0.430880725    
  0.453308016    
  0.451213956    
  0.469528884    
  0.480891407    
  0.507656336    
  0.521747947    
  0.540655077    
  0.553609908    
  0.575773299    
  0.583905339    
  0.589734733    
  0.597864151    
  0.611450493    
  0.608442307    
  0.620145082    
  0.623953402    
  0.626794040    
  0.627552152    
  0.625943482    
  0.620556712    
  0.611042023    
  0.616536975    
  0.609818697    
  0.611799002    
  0.646782041    
  0.763520539    
  0.726520061    
  0.609874725    
  0.565529883    
  0.562446952    
  0.512344301    
  0.499987274    
  0.491098434    
  0.463049978    
  0.494727582    
  0.469245106    
  0.421813965    
  0.416610301    
  0.386493206    
  0.384141117    
  0.374000520    
  0.239064798    
   0.00000000    
   5.73307127E-02
  0.335842282    
  0.350206107    
  0.379226118    
  0.420799077    
  0.427654833    
  0.439459503    
  0.458968520    
  0.463963926    
  0.493887872    
  0.503253877    
  0.511154175    
  0.527424216    
  0.540774822    
  0.570346594    
  0.571675241    
  0.591308892    
  0.601101160    
  0.602019489    
  0.612964571    
  0.611907601    
  0.626028955    
  0.633300781    
  0.639586866    
  0.644272327    
  0.647858262    
  0.639840186    
  0.631401956    
  0.625170410    
  0.622813106    
  0.614071071    
  0.641666174    
  0.745236695    
  0.769969285    
  0.646824539    
  0.569400370    
  0.565416455    
  0.540414929    
  0.522944510    
  0.507298291    
  0.480396122    
  0.489333838    
  0.468960404    
  0.441868722    
  0.433110267    
  0.397344261    
  0.420799077    
  0.406329483    
  0.329931855    
  0.114661448    
   0.00000000    
  0.286653608    
  0.374894708    
  0.379226118    
  0.442263544    
  0.434419692    
  0.459289730    
  0.477874249    
  0.488662273    
  0.497802705    
  0.519765794    
  0.535205066    
  0.544747591    
  0.560016930    
  0.581013143    
  0.590459943    
  0.603993535    
  0.612613797    
  0.622227788    
  0.633924127    
  0.639187157    
  0.645225823    
  0.652171433    
  0.661910057    
  0.656477869    
  0.658463299    
  0.657447338    
  0.655377209    
  0.644886613    
  0.641980410    
  0.632777154    
  0.647527635    
  0.729948342    
  0.797564387    
  0.686606526    
  0.578378797    
  0.560905039    
  0.535205066    
  0.519456625    
  0.510293484    
  0.502115607    
  0.493464828    
  0.486383587    
  0.474209249    
  0.426232815    
  0.432225674    
  0.411629558    
  0.419771612    
  0.309145451    
  0.181734100    
  0.218278408    
  0.357102662    
  0.383341968    
  0.391005844    
  0.439865947    
  0.445355862    
  0.458322346    
  0.496176869    
  0.496586353    
  0.522198677    
  0.535076976    
  0.543134809    
  0.551953614    
  0.576786220    
  0.586424589    
  0.580939531    
  0.605045855    
  0.612160504    
  0.629867136    
  0.646569192    
  0.651154041    
  0.658636212    
  0.668336153    
  0.674644768    
  0.670424044    
  0.677810192    
  0.682975650    
  0.670321226    
  0.663851500    
  0.663118601    
  0.653755605    
  0.645897329    
  0.721911728    
  0.804283202    
  0.712829769    
  0.603591442    
  0.561466098    
  0.541963220    
  0.535076976    
  0.510982752    
  0.515001893    
  0.487758338    
  0.506032765    
  0.454335541    
  0.433110267    
  0.444975615    
  0.413323313    
  0.404484570    
  0.364483058    
  0.278511554    
  0.281315565    
  0.378377795    
  0.418206066    
  0.405104160    
  0.416071504    
  0.445355862    
  0.454675168    
  0.486152261    
  0.517418146    
  0.524707496    
  0.539690495    
  0.547330737    
  0.565697908    
  0.579228044    
  0.597080171    
  0.597563505    
  0.616152942    
  0.624215662    
  0.643860340    
  0.659779906    
  0.669214189    
  0.680126190    
  0.688590586    
  0.687322378    
  0.696815908    
  0.702511609    
  0.695871294    
  0.692604244    
  0.684200943    
  0.674950778    
  0.653367162    
  0.654467165    
  0.716294169    
  0.815772116    
  0.736121535    
  0.617033720    
  0.577268183    
  0.561147332    
  0.537726939    
  0.524270236    
  0.524270236    
  0.490660787    
  0.486844391    
  0.472859949    
  0.433985531    
  0.402597547    
  0.424297959    
  0.416071504    
  0.422816545    
  0.326810300    
  0.329931855    
  0.414983153    
  0.403231353    
  0.418731213    
  0.408134162    
  0.443436742    
  0.476843596    
  0.476843596    
  0.502496779    
  0.513517499    
  0.517893076    
  0.554018855    
  0.563180447    
  0.576320291    
  0.590262771    
  0.601905227    
  0.628593624    
  0.643480837    
  0.652140260    
  0.670819581    
  0.677115977    
  0.688979924    
  0.700514317    
  0.716931939    
  0.725108445    
  0.730860651    
  0.721649587    
  0.704156458    
  0.692472696    
  0.684455872    
  0.671601474    
  0.667768180    
  0.728262007    
  0.827849507    
  0.745987773    
  0.621939719    
  0.577355802    
  0.566403270    
  0.552889347    
  0.535205066    
  0.541013896    
  0.524997711    
  0.477617800    
  0.482601881    
  0.462435037    
  0.433985531    
  0.432225674    
  0.426232815    
  0.352569461    
  0.341358364    
  0.332939863    
  0.427654833    
  0.413880318    
  0.410480767    
  0.413880318    
  0.450504005    
  0.476843596    
  0.465762079    
  0.493039548    
  0.518050730    
  0.527985036    
  0.547330737    
  0.578775644    
  0.583406448    
  0.600985646    
  0.620829999    
  0.628924131    
  0.646815777    
  0.659304976    
  0.675253928    
  0.701125324    
  0.719939172    
  0.739649475    
  0.760761261    
  0.771919310    
  0.774012923    
  0.762491524    
  0.737012684    
  0.721168995    
  0.700888157    
  0.678711414    
  0.677816987    
  0.752564251    
  0.841164887    
  0.745120645    
  0.630810738    
  0.591554999    
  0.578548491    
  0.565874815    
  0.539690495    
  0.524270236    
  0.515328109    
  0.481383741    
  0.482116789    
  0.464567661    
  0.443047523    
  0.433985531    
  0.439865947    
  0.393883079    
  0.312993139    
  0.364483058    
  0.396663547    
  0.419771612    
  0.423807114    
  0.445734411    
  0.463355750    
  0.484277725    
  0.482843399    
  0.491098434    
  0.530597866    
  0.541133165    
  0.551112890    
  0.577403486    
  0.599586725    
  0.611399531    
  0.625483811    
  0.640879869    
  0.660001040    
  0.675457954    
  0.705726504    
  0.747762620    
  0.796307921    
  0.828022063    
  0.848760664    
  0.864697278    
  0.867283762    
  0.853050411    
  0.829580247    
  0.791314602    
  0.747125447    
  0.711006701    
  0.700990796    
  0.785642922    
  0.848782301    
  0.733659267    
  0.621607959    
  0.580746353    
  0.571262300    
  0.556133211    
  0.529095173    
  0.515001893    
  0.494308800    
  0.489778548    
  0.480891407    
  0.446111232    
  0.441073388    
  0.439865947    
  0.411629558    
  0.392456949    
  0.374894708    
  0.350206107    
  0.390270621    
  0.411629558    
  0.427183539    
  0.446486324    
  0.449427485    
  0.469528884    
  0.487758338    
  0.515815139    
  0.535969734    
  0.534562409    
  0.572739303    
  0.587723851    
  0.602019489    
  0.619750440    
  0.640056610    
  0.664827943    
  0.694818020    
  0.745240748    
  0.797641337    
  0.837095916    
  0.864873946    
  0.886102021    
  0.907311976    
  0.933172941    
  0.934844553    
  0.909459770    
  0.882861674    
  0.855335712    
  0.834926307    
  0.801547468    
  0.766258001    
  0.834776461    
  0.847134769    
  0.710662484    
  0.616800368    
  0.587021351    
  0.578102946    
  0.543367147    
  0.535969734    
  0.529507756    
  0.505484402    
  0.499001414    
  0.488886774    
  0.421308100    
  0.453994423    
  0.428589433    
  0.400012642    
  0.408134162    
  0.371258497    
  0.309145451    
  0.362440705    
  0.392456949    
  0.434851617    
  0.450504005    
  0.451213956    
  0.474476516    
  0.498404235    
  0.506396294    
  0.531807303    
  0.543367147    
  0.553095877    
  0.579528272    
  0.607912421    
  0.622196913    
  0.645035923    
  0.738219440    
  0.825243592    
  0.817079306    
  0.823908269    
  0.855258584    
  0.871684372    
  0.891476154    
  0.933806717    
  0.998642683    
  0.999810219    
  0.932472587    
  0.894394159    
  0.866763413    
  0.848834753    
  0.831508815    
  0.831022263    
  0.875001252    
  0.809058249    
  0.678221047    
  0.610015273    
  0.600877941    
  0.588668346    
  0.560866177    
  0.539932668    
  0.517893076    
  0.520380795    
  0.520839036    
  0.508544743    
  0.470933139    
  0.465465069    
  0.432225674    
  0.376654565    
  0.431331486    
  0.383341968    
  0.269479603    
  0.309145451    
  0.413880318    
  0.421813965    
  0.436133981    
  0.451213956    
  0.484985679    
  0.509073317    
  0.499001414    
  0.537228703    
  0.551534355    
  0.566578686    
  0.577172577    
  0.591568410    
  0.625318885    
  0.681379259    
  0.808969676    
  0.873303592    
  0.826052368    
  0.827878296    
  0.849970937    
  0.874499321    
  0.896077871    
  0.934551835    
   1.00000000    
  0.998820245    
  0.935702980    
  0.896141589    
  0.869950056    
  0.847246647    
  0.828372419    
  0.823747158    
  0.825532615    
  0.737813056    
  0.641081750    
  0.611606598    
  0.601043403    
  0.588869393    
  0.557708621    
  0.546441376    
  0.522944510    
  0.540774822    
  0.518834770    
  0.483802378    
  0.471764445    
  0.450146705    
  0.422316790    
  0.388780296    
  0.382535011    
  0.386493206    
  0.303015918    
  0.395977139    
  0.408727080    
  0.418206066    
  0.430427521    
  0.462125838    
  0.499199539    
  0.504747510    
  0.507298291    
  0.521294713    
  0.542551100    
  0.552370846    
  0.578700006    
  0.586303294    
  0.622034311    
  0.709691942    
  0.846394181    
  0.835503221    
  0.769656777    
  0.805275798    
  0.834215701    
  0.862355828    
  0.887170374    
  0.912621260    
  0.936919153    
  0.936116159    
  0.908447683    
  0.881157458    
  0.861457229    
  0.835840344    
  0.802814424    
  0.751173258    
  0.694791675    
  0.663235664    
  0.620068908    
  0.599544168    
  0.597019553    
  0.572168052    
  0.549942732    
  0.547661781    
  0.511154175    
  0.499199539    
  0.487985253    
  0.461815417    
  0.460877329    
  0.439459503    
  0.412198007    
  0.408727080    
  0.364483058    
  0.335842282    
  0.318448603    
  0.386493206    
  0.374000520    
  0.438228041    
  0.409315795    
  0.451213956    
  0.499199539    
  0.506396294    
  0.526005447    
  0.530054569    
  0.534562409    
  0.559062898    
  0.580865860    
  0.594037056    
  0.618536711    
  0.726954699    
  0.847090423    
  0.785163522    
  0.697807550    
  0.707331896    
  0.740199387    
  0.791000187    
  0.830009162    
  0.849297762    
  0.864839256    
  0.868353009    
  0.850209236    
  0.821362197    
  0.786871254    
  0.745827854    
  0.710563540    
  0.677421749    
  0.656349540    
  0.646477938    
  0.622067332    
  0.608389497    
  0.589668453    
  0.574906409    
  0.556628764    
  0.538714528    
  0.514015257    
  0.475799888    
  0.499791026    
  0.467231184    
  0.436557084    
  0.446486324    
  0.434851617    
  0.430427521    
  0.416610301    
  0.316669792    
  0.370323896    
  0.392456949    
  0.429513574    
  0.429052800    
  0.440270364    
  0.444975615    
  0.490441114    
  0.500767529    
  0.524707496    
  0.524997711    
  0.516460121    
  0.545768023    
  0.571839869    
  0.595122457    
  0.627322197    
  0.743142009    
  0.842667043    
  0.749831915    
  0.682965159    
  0.680572987    
  0.696014404    
  0.715421855    
  0.745253146    
  0.764593065    
  0.772539914    
  0.773007214    
  0.764415860    
  0.741041780    
  0.712571740    
  0.697420895    
  0.681031704    
  0.668005943    
  0.657917380    
  0.635994017    
  0.611806273    
  0.604880571    
  0.590328574    
  0.575064719    
  0.563998044    
  0.538837135    
  0.529095173    
  0.509772718    
  0.495144278    
  0.482359678    
  0.470654219    
  0.415529072    
  0.412762582    
  0.403231353    
  0.394586980    
  0.316669792    
  0.376654565    
  0.403231353    
  0.429971784    
  0.400666445    
  0.434851617    
  0.431779772    
  0.502306402    
  0.510120273    
  0.485454321    
  0.492182463    
  0.522646904    
  0.528541982    
  0.560489774    
  0.578684390    
  0.620543480    
  0.743022442    
  0.828223348    
  0.729668558    
  0.655026853    
  0.665379703    
  0.679042816    
  0.697325826    
  0.706746042    
  0.722833276    
  0.726834834    
  0.722645581    
  0.718050241    
  0.706133962    
  0.691980541    
  0.686134040    
  0.675948620    
  0.662048280    
  0.642646730    
  0.625213563    
  0.608653307    
  0.600463808    
  0.584189117    
  0.579077482    
  0.550049841    
  0.532073677    
  0.530054569    
  0.515328109    
  0.482843399    
  0.460877329    
  0.441073388    
  0.421308100    
  0.412762582    
  0.400012642    
  0.365485609    
  0.334403813    
  0.377520680    
  0.389528811    
  0.395977139    
  0.388780296    
  0.400012642    
  0.436133981    
  0.478638947    
  0.482601881    
  0.492397547    
  0.503817141    
  0.516620517    
  0.536601603    
  0.554729700    
  0.585000694    
  0.615297019    
  0.736995876    
  0.817202628    
  0.720618486    
  0.646090567    
  0.647099316    
  0.659024537    
  0.681143641    
  0.690495312    
  0.694216728    
  0.695259392    
  0.695020139    
  0.690367162    
  0.682560384    
  0.673234284    
  0.670171082    
  0.662735999    
  0.645732164    
  0.625471950    
  0.610167265    
  0.605703652    
  0.585940719    
  0.571427763    
  0.554324210    
  0.535205066    
  0.535460711    
  0.508012891    
  0.478384852    
  0.483324289    
  0.481137961    
  0.464567661    
  0.369378597    
  0.425271034    
  0.376654565    
  0.389528811    
  0.335842282    
  0.278511554    
  0.341358364    
  0.423807114    
  0.422316790    
  0.449787885    
  0.469245106    
  0.467521936    
  0.473131597    
  0.500961483    
  0.493464828    
  0.520380795    
  0.547661781    
  0.554527164    
  0.567186773    
  0.607163250    
  0.713344216    
  0.807990909    
  0.719110191    
  0.641731739    
  0.636613071    
  0.653130889    
  0.663445115    
  0.672163010    
  0.670273125    
  0.676289558    
  0.677603602    
  0.675633252    
  0.675151825    
  0.668093145    
  0.659609377    
  0.648965895    
  0.640128732    
  0.622762561    
  0.596472025    
  0.589203298    
  0.580644429    
  0.556133211    
  0.538591743    
  0.525431097    
  0.519456625    
  0.509946704    
  0.485920280    
  0.476323396    
  0.467231184    
  0.444209754    
  0.431779772    
  0.408134162    
  0.350206107    
  0.367455006    
  0.171992183    
   9.08670500E-02
  0.361400306    
  0.389528811    
  0.398019463    
  0.446859747    
  0.459609717    
  0.469528884    
  0.482843399    
  0.483563662    
  0.515976906    
  0.537353516    
  0.528263986    
  0.543945134    
  0.557050228    
  0.584138155    
  0.684942663    
  0.795597851    
  0.722384036    
  0.633089244    
  0.628003299    
  0.639514267    
  0.647232771    
  0.659637809    
  0.662020683    
  0.657066822    
  0.662886977    
  0.652729869    
  0.646369040    
  0.654685497    
  0.634581387    
  0.618851185    
  0.619500637    
  0.614598632    
  0.590852916    
  0.583477914    
  0.579901934    
  0.549513102    
  0.535969734    
  0.524124026    
  0.504004061    
  0.509598434    
  0.493252456    
  0.480891407    
  0.458322346    
  0.437813431    
  0.400666445    
  0.421308100    
  0.382535011    
  0.362440705    
  0.229322895    
   5.73307127E-02
  0.321895361    
  0.388780296    
  0.393173099    
  0.405719101    
  0.442656428    
  0.453308016    
  0.470374286    
  0.474742889    
  0.498204231    
  0.514510036    
  0.510982752    
  0.510293484    
  0.544139564    
  0.569950402    
  0.652456641    
  0.772431910    
  0.743848383    
  0.639140427    
  0.615329087    
  0.630233228    
  0.622361839    
  0.637568891    
  0.638639033    
  0.645428777    
  0.641980410    
  0.630476356    
  0.633962929    
  0.630718768    
  0.627216041    
  0.609283149    
  0.609700382    
  0.608177841    
  0.585174561    
  0.571839869    
  0.566051364    
  0.541371226    
  0.538098693    
  0.514345467    
  0.502306402    
  0.483802378    
  0.499397188    
  0.470933139    
  0.448336780    
  0.425271034    
  0.425271034    
  0.384932607    
  0.393883079    
  0.312993139    
   9.08670500E-02
   0.00000000    
  0.278511554    
  0.307152301    
  0.409315795    
  0.399353564    
  0.405104160    
  0.427654833    
  0.453308016    
  0.480396122    
  0.491533726    
  0.501154959    
  0.516460121    
  0.505300820    
  0.531825721    
  0.552696764    
  0.613987863    
  0.728823185    
  0.763539612    
  0.658873916    
  0.608142853    
  0.612419546    
  0.613562524    
  0.625040889    
  0.628220141    
  0.631361902    
  0.621057034    
  0.623338044    
  0.614008188    
  0.613711357    
  0.609230876    
  0.596898258    
  0.597804070    
  0.589003086    
  0.572576463    
  0.552682340    
  0.561240852    
  0.532339215    
  0.529232979    
  0.508367896    
  0.489333838    
  0.476323396    
  0.471764445    
  0.451566696    
  0.441073388    
  0.419253021    
  0.393173099    
  0.382535011    
  0.385716587    
  0.247779265    
   0.00000000    
   0.00000000    
  0.114661448    
  0.262859195    
  0.384932607    
  0.429052800    
  0.455013454    
  0.445734411    
  0.430427521    
  0.451917917    
  0.486844391    
  0.487530828    
  0.508897483    
  0.493464828    
  0.524582088    
  0.548830748    
  0.570910931    
  0.672619641    
  0.759624839    
  0.686296046    
  0.605089903    
  0.598369777    
  0.603434324    
  0.610425532    
  0.603658497    
  0.603040636    
  0.604715049    
  0.602871299    
  0.593804777    
  0.595056117    
  0.593362331    
  0.600638092    
  0.584401250    
  0.563817084    
  0.550795376    
  0.552162528    
  0.551953614    
  0.538098693    
  0.528957248    
  0.502686679    
  0.486844391    
  0.479897887    
  0.453308016    
  0.443047523    
  0.424297959    
  0.430880725    
  0.387262642    
  0.374894708    
  0.372182608    
  0.198331699    
   0.00000000    
   0.00000000    
   0.00000000    
  0.234337196    
  0.363468200    
  0.397344261    
  0.412198007    
  0.443824142    
  0.452267617    
  0.438228041    
  0.485220283    
  0.483802378    
  0.493252456    
  0.510810971    
  0.529644787    
  0.512414157    
  0.544649482    
  0.611778855    
  0.720954597    
  0.727906048    
  0.628435731    
  0.573276222    
  0.581607342    
  0.590459943    
  0.594056547    
  0.599997163    
  0.594307542    
  0.593993664    
  0.589269876    
  0.579453230    
  0.571592867    
  0.574588954    
  0.562262535    
  0.547441244    
  0.543251038    
  0.529370427    
  0.538098693    
  0.523240924    
  0.532073677    
  0.511325240    
  0.486614347    
  0.463660389    
  0.445734411    
  0.440672904    
  0.435708702    
  0.384932607    
  0.367455006    
  0.408134162    
  0.332939863    
   0.00000000    
   0.00000000    
   0.00000000    
   0.00000000    
   9.08670500E-02
  0.328385800    
  0.361400306    
  0.412198007    
  0.433549047    
  0.461191237    
  0.429971784    
  0.461191237    
  0.466939449    
  0.473131597    
  0.496381879    
  0.518990636    
  0.511666298    
  0.523419380    
  0.564014196    
  0.655634344    
  0.736117423    
  0.674025357    
  0.593653202    
  0.567030668    
  0.566427469    
  0.578320801    
  0.575851679    
  0.572004139    
  0.572820604    
  0.572331667    
  0.565786362    
  0.562077701    
  0.563635647    
  0.551218450    
  0.547109306    
  0.547109306    
  0.531271994    
  0.498603791    
  0.493676603    
  0.509423733    
  0.499199539    
  0.458646059    
  0.422316790    
  0.432225674    
  0.426709563    
  0.428589433    
  0.381720096    
  0.360346645    
  0.358198196    
  0.160947695    
   0.00000000    
   0.00000000    
   0.00000000    
   0.00000000    
   9.08670500E-02
  0.243536755    
  0.384141117    
  0.377520680    
  0.389528811    
  0.412198007    
  0.433985531    
  0.445734411    
  0.453308016    
  0.455685914    
  0.472859949    
  0.490220815    
  0.485220283    
  0.514129341    
  0.536454022    
  0.586399555    
  0.687871397    
  0.718800366    
  0.632612288    
  0.562345564    
  0.559551239    
  0.578700006    
  0.574668467    
  0.562354803    
  0.565963089    
  0.556727529    
  0.558966935    
  0.547109306    
  0.550901353    
  0.547109306    
  0.537478209    
  0.501924396    
  0.499791026    
  0.505116820    
  0.481137961    
  0.492612094    
  0.463049978    
  0.459928423    
  0.454675168    
  0.433549047    
  0.390270621    
  0.426709563    
  0.373096555    
  0.388024956    
  0.247779265    
   0.00000000    
   0.00000000    
   0.00000000    
   0.00000000    
   0.00000000    
   0.00000000    
   5.73307127E-02
  0.284027666    
  0.397344261    
  0.406935453    
  0.384141117    
  0.415529072    
  0.456684440    
  0.451213956    
  0.460245967    
  0.472859949    
  0.489556462    
  0.473672181    
  0.484985679    
  0.519696593    
  0.533604980    
  0.602005243    
  0.692667365    
  0.696552634    
  0.604533136    
  0.556424499    
  0.552097738    
  0.555334091    
  0.550263524    
  0.547220111    
  0.548647046    
  0.536475599    
  0.528124571    
  0.533784568    
  0.526859641    
  0.512175262    
  0.496586353    
  0.494098604    
  0.483084172    
  0.458322346    
  0.471488267    
  0.460562199    
  0.443436742    
  0.433549047    
  0.420799077    
  0.398019463    
  0.381720096    
  0.376654565    
  0.326810300    
  0.133117810    
   0.00000000    
   0.00000000    
   0.00000000    
   0.00000000    
   0.00000000    
   0.00000000    
   0.00000000    
  0.223984867    
  0.367455006    
  0.403231353    
  0.419771612    
  0.417145640    
  0.427183539    
  0.452615887    
  0.438228041    
  0.458646059    
  0.473672181    
  0.475008428    
  0.462125838    
  0.474283099    
  0.485179961    
  0.534611881    
  0.598558187    
  0.677145422    
  0.675398588    
  0.594812989    
  0.543870032    
  0.535306633    
  0.525862277    
  0.533017457    
  0.532999337    
  0.513517499    
  0.530054569    
  0.516940534    
  0.511154175    
  0.496993780    
  0.476843596    
  0.484514385    
  0.494308800    
  0.469245106    
  0.489556462    
  0.436133981    
  0.444209754    
  0.418206066    
  0.388780296    
  0.394586980    
  0.374894708    
  0.303015918    
  0.148197785    
   0.00000000    
   0.00000000    
   0.00000000    
   0.00000000    
   0.00000000    
   0.00000000    
   0.00000000    
   0.00000000    
   5.73307127E-02
  0.218278408    
  0.365485609    
  0.398019463    
  0.384932607    
  0.417145640    
  0.400666445    
  0.440672904    
  0.467231184    
  0.467811614    
  0.476583868    
  0.477874249    
  0.458646059    
  0.466979772    
  0.499015182    
  0.508819103    
  0.593085825    
  0.669019461    
  0.661871314    
  0.596815884    
  0.547514021    
  0.502713025    
  0.509796739    
  0.497802705    
  0.506938696    
  0.504562318    
  0.497399211    
  0.492182463    
  0.492182463    
  0.479647636    
  0.478638947    
  0.460877329    
  0.463049978    
  0.451566696    
  0.412198007    
  0.450859755    
  0.427183539    
  0.427183539    
  0.397344261    
  0.329931855    
  0.160947695    
   0.00000000    
   0.00000000    
   0.00000000    
   0.00000000    
   0.00000000    
   0.00000000    
   0.00000000    
   0.00000000    
   0.00000000    
   0.00000000    
  0.114661448    
  0.255662441    
  0.367455006    
  0.380897105    
  0.398689210    
  0.427654833    
  0.390270621    
  0.416071504    
  0.426709563    
  0.446486324    
  0.470374286    
  0.460877329    
  0.461191237    
  0.492397547    
  0.477307290    
  0.516066611    
  0.582846522    
  0.653276920    
  0.652716935    
  0.606138825    
  0.531101286    
  0.511959493    
  0.481460035    
  0.504479170    
  0.495144278    
  0.483324289    
  0.490441114    
  0.481628805    
  0.459289730    
  0.468960404    
  0.448701948    
  0.440672904    
  0.407536983    
  0.433110267    
  0.409900308    
  0.382535011    
  0.433985531    
  0.391005844    
  0.243536755    
   0.00000000    
   0.00000000    
   0.00000000    
   0.00000000    
   0.00000000    
   0.00000000    
   0.00000000    
   0.00000000    
   0.00000000    
   0.00000000    
   0.00000000    
   0.00000000    
   5.73307127E-02
  0.223984867    
  0.332939863    
  0.398019463    
  0.394586980    
  0.366476178    
  0.396663547    
  0.425753325    
  0.428123474    
  0.420799077    
  0.439865947    
  0.438228041    
  0.471488267    
  0.477944911    
  0.479811728    
  0.506752670    
  0.548415363    
  0.610604465    
  0.642761469    
  0.629466951    
  0.566013277    
  0.516979814    
  0.494893312    
  0.483703852    
  0.481999338    
  0.449837476    
  0.473672181    
  0.457671076    
  0.464005709    
  0.454382420    
  0.426709563    
  0.367455006    
  0.384141117    
  0.369378597    
  0.371258497    
  0.358198196    
  0.278511554    
   9.08670500E-02
   0.00000000    
   0.00000000    
   0.00000000    
   0.00000000    
   0.00000000    
   0.00000000    
   0.00000000    
   0.00000000    
   0.00000000    
   0.00000000    
   0.00000000    
   0.00000000    
   0.00000000    
   0.00000000    
  0.181734100    
  0.343984336    
  0.355992436    
  0.376654565    
  0.405104160    
  0.422316790    
  0.416071504    
  0.418206066    
  0.425271034    
  0.447970003    
  0.442263544    
  0.456020117    
  0.458367079    
  0.470923603    
  0.469245374    
  0.499439061    
  0.550990283    
  0.604764283    
  0.625476718    
  0.604650021    
  0.551727533    
  0.507051528    
  0.502274036    
  0.465280473    
  0.466667026    
  0.423364580    
  0.445290506    
  0.444196522    
  0.427573770    
  0.396167070    
  0.403231353    
  0.345266670    
  0.348998636    
  0.269479603    
   0.00000000    
   0.00000000    
   0.00000000    
   0.00000000    
   0.00000000    
   0.00000000    
   0.00000000    
   0.00000000    
   0.00000000    
   0.00000000    
   0.00000000    
   0.00000000    
   0.00000000    
   0.00000000    
   0.00000000    
   0.00000000    
   5.73307127E-02
  0.181734100    
  0.316669792    
  0.351396203    
  0.367455006    
  0.386493206    
  0.384141117    
  0.433549047    
  0.397344261    
  0.409900308    
  0.414983153    
  0.426232815    
  0.442656428    
  0.466939449    
  0.458968520    
  0.437267065    
  0.459510833    
  0.520949960    
  0.535440087    
  0.587199867    
  0.603779972    
  0.573733509    
  0.578964829    
  0.532418013    
  0.515413165    
  0.453569829    
  0.475474089    
  0.455813408    
  0.426971853    
  0.421483278    
  0.370744795    
  0.300792783    
  0.182992324    
   5.73307127E-02
   0.00000000    
   0.00000000    
   0.00000000    
   0.00000000    
   0.00000000    
   0.00000000    
   0.00000000    
   0.00000000    
   0.00000000    
   0.00000000    
   0.00000000    
   0.00000000    
   0.00000000    
   0.00000000    
   0.00000000    
   0.00000000    
   0.00000000    
   0.00000000    
  0.148197785    
  0.243536755    
  0.291667908    
  0.338646293    
  0.387262642    
  0.368422389    
  0.417677552    
  0.402597547    
  0.413880318    
  0.412198007    
  0.435281307    
  0.436557084    
  0.441868722    
  0.422816545    
  0.411136359    
  0.438612342    
  0.468338758    
  0.465527356    
  0.492664933    
  0.527561367    
  0.561226368    
  0.577553451    
  0.553051174    
  0.570599079    
  0.532941878    
  0.520471871    
  0.519543469    
  0.482210368    
  0.486568362    
  0.353569418    
   6.28478229E-02
   0.00000000    
   0.00000000    
   0.00000000    
   0.00000000    
   0.00000000    
   0.00000000    
   0.00000000    
   0.00000000    
   0.00000000    
   0.00000000    
   0.00000000    
   0.00000000    
   0.00000000    
   0.00000000    
   0.00000000    
   0.00000000    
   0.00000000    
   0.00000000    
   0.00000000    
   0.00000000    
   0.00000000    
  0.133117810    
  0.259339064    
  0.351396203    
  0.374000520    
  0.393173099    
  0.384141117    
  0.391005844    
  0.370323896    
  0.412198007    
  0.402597547    
  0.406935453    
  0.436557084    
  0.420286953    
  0.436192453    
  0.401582152    
  0.387684137    
  0.428364843    
  0.427134782    
  0.430333763    
  0.446008295    
  0.468438447    
  0.480157137    
  0.495317310    
  0.481181711    
  0.474386036    
  0.433520377    
  0.439741611    
  0.332379609    
  0.158886880    
   0.00000000    
   0.00000000    
   0.00000000    
   0.00000000    
   0.00000000    
   0.00000000    
   0.00000000    
   0.00000000    
   0.00000000    
   0.00000000    
   0.00000000    
   0.00000000    
   0.00000000    
   0.00000000    
   0.00000000    
   0.00000000    
   0.00000000    
   0.00000000    
   0.00000000    
   0.00000000    
   0.00000000    
   0.00000000    
   9.08670500E-02
   9.08670500E-02
  0.198331699    
  0.342681795    
  0.255662441    
  0.372182608    
  0.371258497    
  0.391734630    
  0.376654565    
  0.419771612    
  0.405104160    
  0.412762582    
  0.377520680    
  0.368422389    
  0.381720096    
  0.383341968    
  0.385716587    
  0.349333555    
  0.406831354    
  0.340572745    
  0.317840070    
  0.332736969    
  0.292420983    
  0.262024999    
  0.280168712    
  0.222838014    
  0.292004675    
   1.06891152E-02
   0.00000000    
   0.00000000    
   0.00000000    
   0.00000000    
   0.00000000    
   0.00000000    
   0.00000000    
   0.00000000    
   0.00000000    
   0.00000000    
   0.00000000    
   0.00000000    
   0.00000000    
   0.00000000    
   0.00000000    
   0.00000000    
   0.00000000    
   0.00000000    
   0.00000000    
   0.00000000    
   0.00000000    
   0.00000000    
   0.00000000    
   0.00000000    
   9.08670500E-02
  0.133117810    
   9.08670500E-02
  0.243536755    
  0.337256163    
  0.377520680    
  0.345266670    
  0.431331486    
  0.365485609    
  0.405104160    
  0.342681795    
  0.355992436    
  0.364483058    
  0.338646293    
  0.298661709    
  0.278511554    
  0.234337196    
  0.148197785    
   5.73307127E-02
   1.06891152E-02
   0.00000000    
   0.00000000    
   0.00000000    
   1.06891152E-02
   1.06891152E-02
   1.06891152E-02
   0.00000000    
   0.00000000    
   0.00000000    
   0.00000000    
   0.00000000    
   0.00000000    
   0.00000000    
   0.00000000    
   0.00000000    
